5863 21
6191
6498 22
6826
7129 23
7456
8665 28
8692
9297 30
9324
9929 32
9956
10256 24
10583
11184 35
11211
12711 37
12741 38
12771 39
12801
13700 41
13727 40
13757 42
13784 43
13881 41
13951 42
14021 41
14367
14668 42
15014 43
15360
15962 44
15989
16290 45
16323 46
16356 47
16389 45
17193
17494 46
18298
18599 47
19403 44
19477
19778 48
19823
20124 49
20169 50
20214 48
20276 51
20335
20636 49
20698 48
20727 50
20789 52
20834 49
20863 50
20892 52
20983 49
21014 48
21045 50
21076 52
21107 49
21443 48
21900
24017 49
24138
24438 50
24894
26707 50
26708
28825 52
29282
